1000 
1.20025
1.07259
1.18772
1.29215
1.58639
0.83883
1.39623
0.886277
1.24599
0.919695
1.13238
0.354586
0.70456
0.90184
0.725716
1.21828
0.953967
0.848882
1.34446
0.901589
1.11787
0.967373
1.17709
0.713573
1.27799
1.16848
0.934522
1.17503
1.11953
1.49403
0.708651
0.988116
0.892371
1.34666
1.10116
1.19367
1.35432
0.794465
1.21026
1.16535
1.44277
1.54262
1.14156
1.02748
1.2518
1.4664
1.07486
1.14983
1.09875
1.46337
0.989853
0.457335
1.04114
1.38517
0.971753
1.07447
0.667387
0.989676
0.854647
1.46442
0.984654
0.825612
0.960622
1.18551
0.848377
1.28416
0.891539
0.801985
1.0837
0.990412
0.949266
0.79906
1.36498
0.769198
0.814233
1.23028
0.872915
0.992102
0.801182
1.00884
1.22478
1.2205
0.701397
1.29483
1.07585
1.4373
1.12758
1.13728
1.01574
1.01968
0.577271
1.01284
1.026
1.37118
1.22412
0.577652
1.22657
1.18886
1.55082
0.857548
0.989265
1.08863
0.832583
1.07189
1.10852
1.02109
0.671062
0.777918
0.756304
1.4324
0.888698
0.951445
1.14254
1.36953
1.20213
1.25561
0.924949
0.672836
1.46502
0.968793
1.1532
1.51697
1.2326
1.03973
1.25849
0.893342
1.24473
0.589579
1.33563
0.822187
1.07403
1.38017
1.11352
1.01864
1.27107
1.08332
0.942421
1.04545
0.63053
1.4175
0.885938
0.775251
0.919175
1.40599
1.02748
1.12592
0.967569
0.639504
1.0708
1.32245
1.06064
0.70635
0.894966
1.37833
1.19525
1.30318
1.0143
0.942412
1.35007
0.888481
0.723071
1.29414
0.973126
1.05602
0.743174
0.766645
1.05131
1.07326
0.714793
1.72859
0.874035
0.757339
0.926473
1.24698
1.29266
1.02228
0.832882
1.05384
0.81426
1.25304
0.660606
1.04038
1.36268
1.08741
0.908924
0.941409
0.505441
1.50233
1.54957
1.23802
1.01506
1.0169
1.25771
0.848316
0.567532
1.22766
1.06324
1.22954
1.11687
0.893009
1.34719
1.41972
0.706176
1.20478
1.42472
0.798722
0.880204
1.47146
0.730629
0.839452
0.903566
0.503734
1.0633
1.25567
0.851247
0.522506
0.702394
0.985247
0.956115
1.28155
1.38834
1.36844
0.983474
0.946056
1.47126
1.28328
1.00453
0.886392
1.04943
0.844657
0.806256
1.02607
0.735579
1.05582
0.902423
0.959387
0.908888
0.86512
1.48361
1.09227
0.846759
1.0874
1.20775
0.771183
0.913902
0.798466
0.579006
1.17519
0.841674
0.946842
1.01445
0.879945
0.894529
1.13786
1.31999
0.506406
0.734928
1.04351
0.686956
1.39496
0.606495
0.652365
1.71002
1.04519
0.794318
1.03726
1.05743
1.11439
0.970722
0.365684
1.18775
1.16827
0.917621
0.805936
1.04963
1.55338
1.30843
0.620704
0.325116
1.13372
0.0843351
0.365324
1.2906
1.1131
0.798922
1.10393
0.804785
1.41661
0.974788
0.841931
1.01434
1.00744
0.853893
0.682958
1.09557
0.880857
1.29488
0.663992
1.34288
1.22223
1.04176
0.902802
1.31861
0.900793
1.07499
0.78851
1.32731
1.0905
0.806857
0.693795
1.00003
0.882435
1.05095
1.17858
1.09661
1.09707
1.01765
1.32333
1.62951
0.947068
1.42422
1.28729
1.37343
0.875746
1.28666
1.07635
1.17285
1.45061
0.81516
0.954302
1.21528
1.4335
0.675368
0.996514
1.11172
0.796882
1.21065
1.20607
0.975728
1.39688
1.22723
0.997722
1.25034
0.689324
0.818865
1.21833
0.98203
0.771693
0.770865
0.397979
0.482272
0.684485
0.806462
1.29007
1.19523
0.729865
1.05194
0.888665
0.99563
1.02392
1.15046
1.18207
1.27973
1.82091
0.981152
0.796475
0.731141
0.974972
1.3288
0.837162
0.724636
1.05099
1.14242
1.03074
1.21783
0.835957
1.36401
0.885607
1.29476
1.13246
1.26724
1.56012
1.3552
0.894436
1.17056
1.11736
0.572053
0.927011
0.831547
0.827924
1.23407
1.43515
0.914295
1.18431
0.954477
1.25023
0.655584
1.11802
0.41267
0.715101
0.715798
0.907989
0.65021
0.819561
1.82387
0.790717
0.900824
0.74925
1.4307
0.973886
0.683261
0.889806
1.11799
0.920594
1.12391
0.798688
1.14219
0.527281
0.983589
1.28449
0.820693
0.699483
0.540099
0.949065
0.956948
1.00492
1.27351
0.639329
0.785695
1.22626
1.0206
1.29653
1.26056
0.905161
1.09452
0.962584
0.841335
0.732956
1.1934
1.16913
1.1662
1.03208
1.0247
1.07484
0.797486
1.11131
0.996085
1.05649
1.30934
1.15035
1.25341
0.845812
0.81225
0.648042
0.651646
0.669959
1.12295
1.40525
0.708408
0.624643
0.876725
1.29558
1.15317
1.52527
0.937775
1.19226
1.06226
0.844683
0.62453
1.44446
1.01454
1.12723
0.968948
1.20053
1.01059
1.31388
1.12927
1.08725
1.38624
0.797388
1.3969
1.01431
0.953514
0.957923
1.37191
0.845925
1.05412
0.861151
1.23433
1.24741
1.09766
1.12493
1.21898
1.09588
1.35484
1.05507
0.678724
0.533353
0.901453
1.07033
1.2164
0.96677
1.2301
1.24501
1.06152
1.28233
1.06271
1.33075
1.1969
1.11934
1.40837
1.03484
1.4763
1.33979
0.650768
1.58587
0.93269
1.33124
1.45941
1.18487
0.931342
1.01621
1.66204
1.00408
1.36368
0.904173
1.45141
1.43558
1.5759
0.673636
0.970943
1.10651
1.12529
1.22529
1.21668
1.27432
1.48261
0.854841
1.24712
1.2786
1.43342
1.05885
1.8731
0.964174
1.3447
0.852617
1.07181
0.975136
1.05305
1.0792
0.910409
1.39756
1.03933
0.895936
1.31942
0.768689
0.529648
1.31273
0.604602
1.08819
1.39619
1.3436
0.786146
0.745678
0.906573
1.303
1.43311
1.60443
1.18912
0.704606
1.01696
0.985787
1.4246
0.728067
1.12892
0.987549
1.03284
1.2805
1.15882
1.22321
1.24048
1.44585
1.01787
1.20425
0.644662
1.26362
0.871111
1.58321
1.14905
1.33678
1.00603
1.64864
1.17035
0.84547
1.06442
1.21368
0.970246
1.39683
1.36966
0.785465
1.32166
1.02756
1.07118
1.14995
1.12219
1.28558
1.48472
0.915239
0.795739
0.942559
1.32786
0.49578
1.28655
1.14509
0.381613
0.666674
1.16075
1.04929
0.761529
1.03652
0.626203
0.984941
0.873718
1.24986
1.37076
0.839474
1.16035
1.1274
1.11568
1.23306
1.04036
0.792559
1.05076
1.18541
0.903098
1.12179
0.973884
1.30574
1.30653
1.51984
1.6839
0.846554
1.09992
1.00148
1.60933
1.57963
0.712552
0.972326
0.904088
0.933679
1.51548
0.833922
1.27863
1.20781
1.10659
1.25871
1.07657
1.12062
1.42018
1.31215
1.11234
1.02107
0.584525
1.27168
0.686556
1.08049
1.50386
1.57125
1.00641
1.12271
1.34215
1.41485
1.17775
1.36054
1.1891
1.3458
1.38601
0.956182
0.776734
1.20844
0.793927
1.13849
1.14992
1.61822
0.833684
0.599612
1.46869
1.15806
1.03711
1.59074
1.28932
0.91529
1.0546
0.844075
0.881442
1.30475
1.12493
1.16762
1.16087
0.487791
0.892105
0.805901
1.29238
0.983734
1.2851
1.08024
1.02535
0.942227
0.55728
1.15882
1.65995
1.43295
1.26058
1.15644
1.23013
1.1525
0.936812
1.18702
1.67479
0.826946
1.06725
0.900768
0.985822
0.942939
0.911487
1.34175
1.11705
1.12931
1.14961
1.27906
0.959661
1.29908
1.07937
0.632529
1.22334
0.947835
0.811927
1.46255
1.45972
0.934351
1.1954
1.06391
0.897353
1.07542
1.08887
0.996783
1.04875
0.840623
1.35839
0.86435
1.22573
1.17109
1.35636
1.04851
0.980968
1.16123
1.10774
0.928622
1.16301
1.06885
1.07861
0.254166
1.21539
0.889168
0.647697
1.30014
1.21957
1.48079
1.15881
0.878378
0.928462
1.46285
1.03417
0.712621
1.55229
0.93604
0.922551
1.27443
0.86344
1.43743
0.989731
0.873889
1.05761
1.25146
0.796946
0.773554
0.623336
0.622949
1.02355
1.30507
0.980883
1.12311
1.18514
0.795128
1.37892
0.811307
1.39468
0.98243
1.0349
1.05765
1.04746
1.08163
1.30757
1.15935
1.6225
0.974882
0.866861
0.915756
0.70884
1.58478
0.231695
1.32163
0.82787
1.03937
1.52161
0.587017
1.33599
1.07776
0.972019
0.900669
1.13598
0.796461
0.785539
1.09643
1.29803
1.07343
1.15283
1.26822
1.42724
0.690338
0.704091
0.908339
1.21519
0.857934
0.981521
0.838008
1.18707
1.59094
1.17956
0.55884
1.15844
0.776011
1.39859
1.01816
0.806886
1.07692
1.20604
1.17604
0.78947
1.2216
1.34302
0.563845
1.23456
0.727839
0.938426
0.952538
0.908821
1.22686
1.30399
1.26043
0.823129
1.4032
1.00915
1.38921
1.39869
1.00611
1.40229
1.01388
0.903115
1.19425
1.09685
1.13771
1.31559
0.763032
1.13585
1.03722
0.938462
0.802356
1.58013
1.14059
0.853685
1.17892
1.19115
0.666249
0.693314
0.884119
0.942498
1.01777
0.671259
1.12864
0.813354
1.3077
1.44564
0.952342
0.667749
1.56099
0.891237
1.14811
0.943353
1.06158
0.826575
0.760585
0.994605
1.53937
1.18058
1.03052
1.27751
0.932325
0.926004
0.889546
1.48611
0.829933
0.779454
0.731822
1.2717
0.915209
0.679677
0.726363
0.841813
1.27501
0.770991
1.34769
0.682121
0.800469
1.30579
1.31832
0.973919
1.00729
0.820313
1.16507
0.694284
0.85082
1.46976
0.962997
1.05403
1.47548
1.22091
1.02164
0.864471
0.833865
1.02659
1.38795
1.07809
1.10627
1.34005
0.741138
1.50266
0.998118
1.20789
1.33872
0.842569
0.78735
0.897365
0.994158
0.54229
0.683921
0.985325
1.46079
1.20611
1.36786
1.16221
1.16331
1.23755
1.56032
0.801746
0.868098
1.06087
1.11866
1.2488
1.02234
0.833257
1.44271
1.45799
0.748775
0.935284
0.860636
0.628062
0.663812
0.878414
0.814815
0.821416
1.46229
1.23143
1.47804
1.37169
0.681606
1.34121
1.35517
1.13098
1.23515
1.16171
1.12344
1.14656
1.07473
1.14607
0.894379
1.38461
1.4901
1.5872
1.21014
